3231
4083
4085
4086
4099
5897
6138
6139
6175
6209
6234
6239
6258
6302
6303
7174
7187
7244
7348
7354
7355
7359
7360
7373
7571
7582
7626
7627
7628
7637
7638
7639
8820
8910
9728
9960
7258
7259
7260
7267
7268
7269
7270
7279
7280
7290
7296
7297
7298
7303
7304
7306
7307
7408
7413
7487
7491
7506
7508
7514
7843
7847
3063
3258
3285
3379
4084
4087
4088
4099
4138
6136
6137
6138
6209
6234
7188
7220
7345
7346
7347
7356
7357
7358
7479
7483
7484
7582
7628
7629
7630
7635
8338
8494
8854
9961
9964
9965
1934
0804
0806
0809
0821
0822
0823
0825
0827
0828
0829
0830
0832
0833
0835
0837
0842
0843
0844
0845
0851
4089
7570
7577
7578
7580
7583
7584
7589
7594
7595
7597
7598
7599
7654
7656
7680
3129
3132
3133
3134
3136
3140
3141
3143
3150
3154
3156
3157
3166
3167
3175
3176
3177
5033
7339
1664
1665
1677
1761
1762
1782
1938
1962
4162
4163
5041
5042
5044
5046
5051
5052
5053
5054
5055
5056
5057
5058
5059
5060
5061
5062
5063
5064
5065
5066
7549
3114
3120
3121
3122
3123
3126
3127
3128
1180
4165
7179
7181
7182
7189
7239
7490
7492
7493
7507
7511
7513
7521
7529
0267
0268
0385
1730
4166
4167
4169
5023
5025
5030
5032
5048
5049
5069
5070
7517
7518
3244
3245
3246
3307
3319
3349
3394
3467
3491
3544
3692
3892
4394
5226
5384
5391
5474
5485
5554
3257
3269
3282
3356
3394
3421
3557
3627
3652
3853
5296
5450
5472
5498
5536
5567
5852
5864
6213
6590
6673
7536
0800
0852
0870
2471
2557
3091
3265
3373
3429
3650
4285
5205
5248
4477
4479
4485
4503
4504
4514
4517
7032
7049
7053
7079
7136
7516
7519
0266
0384
2491
4168
4466
4479
4480
4495
4498
4512
4513
4518
4524
4554
5027
5067
7005
7021
7033
7034
7052
7072
7177
7178
7516
7519
2782
2783
2784
2786
2787
2788
2789
7438
7439
7440
7443
7445
7446
7447
2713
2714
2716
2717
2718
2719
2720
2731
2732
2733
2734
2735
2736
2737
2764
2765
2766
2767
2768
2769
2773
6473
6474
6475
7417
7420
7425
7434
2801
2808
2809
2815
2823
2824
2825
2516
2518
2519
2522
2537
2538
2539
2516
2518
2537
2901
2904
2907
2912
2924
2926
2928
2901
2904
4177
4178
4179
4180
4236
4237
4238
4177
4178
4179
4180
4236
4170
4171
4172
4173
4174
4175
4176
4170
4171
4172
4173
4174
2055
2056
2081
2082
2083
2087
2088
2089
2241
2242
2243
2246
2247
2261
4062
4313
4314
4339
4349
4384
4484
4873
5584
8787
4313
4314
4339
4239
4240
4241
4242
4243
4344
4346
4239
4240
4241
4242
4058
4061
4062
4063
4064
4065
4318
4319
4387
4389
4391
4875
4876
4249
4260
4270
4276
4281
4282
4284
2752
2753
2754
2757
2758
2762
2763
2500
2541
2542
2752
2753
2757
2758
4323
4326
2500
2541
2542
2543
2544
4323
4326
2500
2541
2542
2544
4323
4326
1286
1291
1292
1293
1294
1295
0022
2876
3507
3508
0596
0611
0613
3045
3048
3049
3051
3053
3055
2024
4184
7454
7455
7457
7458
7459
2046
2047
7460
7462
7465
7466
7469
7470
7465
7466
3249
3323
3357
3626
3680
3712
4492
3249
3323
3357
3626
3680
5129
5143
5385
5397
5413
5442
5446
4286
4287
4289
4290
4291
4292
4293
4286
4287
4290
2748
2749
4052
4183
6476
6477
6478
2774
2776
2777
2778
2779
4057
4182
2263
2266
4184
7448
7449
7450
7453
0053
0831
1234
2985
3093
3113
3144
3239
2985
4294
4296
4297
4298
4299
4300
4301
4294
4296
4297
4298
4299
4262
4263
4264
4265
4266
4269
4271
4272
6427
6493
4155
4158
4218
4215
4219
4220
4221
4222
4291
7782
7783
7821
7823
7824
6423
6483
0301
4105
4157
4205
4217